488
6
2108100
1868000
0 1 1 5 19 6 (D 0,1,1) (S 1,2,2) (S 6,9,9) (S 13,2,4) (S 17,4,13) (D 0,1,1)
0 1 2 5 44 7 (D 0,1,1) (S 2,3,3) (S 18,3,5) (S 3,6,6) (S 11,6,12) (S 4,7,7) (D 0,1,1)
0 1 3 5 84 7 (D 0,1,1) (S 5,8,8) (S 10,8,11) (S 20,7,8) (S 21,1,12) (S 12,5,6) (D 0,1,1)
0 1 4 5 121 7 (D 0,1,1) (S 8,5,12) (S 24,1,2) (S 7,10,10) (S 19,9,10) (S 14,1,4) (D 0,1,1)
0 1 5 5 185 7 (D 0,1,1) (S 22,1,10) (S 25,12,13) (S 16,5,13) (S 23,5,11) (S 9,7,12) (D 0,1,1)
0 1 6 1 35 3 (D 0,1,1) (S 15,3,4) (D 0,1,1)
