6254
18
772827000
771694200
0 1 1 148 210 9 (D 0,1,1) (S 1,5,5) (S 2,6,6) (S 42,6,8) (S 43,8,9) (S 3,10,10) (S 6,15,15) (S 52,27,28) (D 0,1,1)
0 1 2 150 494 10 (D 0,1,1) (S 11,30,30) (S 10,29,29) (S 9,25,25) (S 51,25,27) (S 55,30,32) (S 53,28,29) (S 54,28,30) (S 94,97,98) (D 0,1,1)
0 1 3 148 484 5 (D 0,1,1) (S 93,96,97) (S 100,108,109) (S 98,106,107) (D 0,1,1)
0 1 4 149 87 6 (D 0,1,1) (S 33,113,113) (S 34,114,114) (S 111,114,118) (S 35,118,118) (D 0,1,1)
0 1 5 147 204 7 (D 0,1,1) (S 31,92,92) (S 30,88,88) (S 27,80,80) (S 26,78,78) (S 85,78,79) (D 0,1,1)
0 1 6 150 367 12 (D 0,1,1) (S 86,79,80) (S 28,82,82) (S 29,84,84) (S 89,84,85) (S 90,85,86) (S 91,86,87) (S 36,124,124) (S 112,124,126) (S 37,125,125) (S 105,112,113) (D 0,1,1)
0 1 7 150 464 13 (D 0,1,1) (S 106,113,114) (S 99,107,108) (S 104,107,112) (S 103,110,112) (S 32,103,103) (S 95,102,104) (S 96,104,105) (S 97,105,106) (S 101,107,110) (S 102,110,111) (S 73,63,64) (D 0,1,1)
0 1 8 147 115 9 (D 0,1,1) (S 23,64,64) (S 74,64,65) (S 20,54,54) (S 70,54,55) (S 71,55,56) (S 114,55,140) (S 19,49,49) (D 0,1,1)
0 1 9 149 212 7 (D 0,1,1) (S 18,48,48) (S 21,61,61) (S 69,49,140) (S 40,139,139) (S 68,48,49) (D 0,1,1)
0 1 10 150 275 6 (D 0,1,1) (S 57,34,139) (S 115,11,27) (S 8,20,20) (S 48,20,22) (D 0,1,1)
0 1 11 148 329 9 (D 0,1,1) (S 49,20,24) (S 50,24,25) (S 5,13,13) (S 7,16,16) (S 47,13,14) (S 4,11,11) (S 65,34,45) (D 0,1,1)
0 1 12 147 91 6 (D 0,1,1) (S 16,43,43) (S 17,46,46) (S 13,37,37) (S 12,36,36) (D 0,1,1)
0 1 13 148 198 9 (D 0,1,1) (S 58,36,37) (S 62,37,43) (S 15,42,42) (S 63,43,44) (S 64,44,45) (S 82,44,73) (S 84,77,78) (D 0,1,1)
0 1 14 150 460 12 (D 0,1,1) (S 25,76,76) (S 24,70,70) (S 80,71,72) (S 81,72,73) (S 76,66,67) (S 78,67,69) (S 79,69,71) (S 77,67,68) (S 22,62,62) (S 66,43,46) (D 0,1,1)
0 1 15 150 438 9 (D 0,1,1) (S 83,46,77) (S 59,36,38) (S 14,38,38) (S 60,38,39) (S 61,39,40) (S 44,8,11) (S 56,11,33) (D 0,1,1)
0 1 16 144 787 9 (D 0,1,1) (S 67,33,139) (S 45,11,12) (S 46,12,13) (S 41,5,6) (S 75,62,66) (S 72,62,63) (S 110,117,119) (D 0,1,1)
0 1 17 150 560 7 (D 0,1,1) (S 39,135,135) (S 38,134,134) (S 113,126,130) (S 108,116,117) (S 88,82,84) (D 0,1,1)
0 1 18 58 479 6 (D 0,1,1) (S 87,80,82) (S 109,2,117) (S 107,1,116) (S 92,95,96) (D 0,1,1)
