6898
26
68394300
68187700
0 1 1 1476 110 6 (D 0,1,1) (S 49,26,27) (S 51,27,28) (S 53,28,29) (S 57,29,38) (D 0,1,1)
0 1 2 1512 118 5 (D 0,1,1) (S 73,38,39) (S 75,39,40) (S 77,40,41) (D 0,1,1)
0 1 3 1565 417 6 (D 0,1,1) (S 79,41,52) (S 78,40,51) (S 90,50,51) (S 56,29,37) (D 0,1,1)
0 1 4 1538 147 6 (D 0,1,1) (S 70,36,37) (S 72,37,48) (S 88,48,49) (S 89,49,50) (D 0,1,1)
0 1 5 1565 320 5 (D 0,1,1) (S 59,30,39) (S 74,38,49) (S 55,29,30) (D 0,1,1)
0 1 6 1564 345 6 (D 0,1,1) (S 42,22,23) (S 44,23,24) (S 46,24,32) (S 71,37,38) (D 0,1,1)
0 1 7 1483 188 5 (D 0,1,1) (S 54,28,37) (S 69,35,44) (S 84,44,47) (D 0,1,1)
0 1 8 1464 115 5 (D 0,1,1) (S 85,45,46) (S 86,46,47) (S 87,47,48) (D 0,1,1)
0 1 9 1467 207 5 (D 0,1,1) (S 81,42,45) (S 82,43,44) (S 83,43,46) (D 0,1,1)
0 1 10 1568 247 6 (D 0,1,1) (S 67,34,43) (S 66,34,35) (S 68,35,36) (S 29,15,20) (D 0,1,1)
0 1 11 1514 158 5 (D 0,1,1) (S 37,20,21) (S 40,21,22) (S 41,21,29) (D 0,1,1)
0 1 12 1492 230 5 (D 0,1,1) (S 50,26,35) (S 64,33,34) (S 80,42,43) (D 0,1,1)
0 1 13 1485 298 5 (D 0,1,1) (S 65,33,42) (S 35,19,20) (S 31,16,21) (D 0,1,1)
0 1 14 1555 211 6 (D 0,1,1) (S 32,17,21) (S 22,11,17) (S 30,16,17) (S 18,10,11) (D 0,1,1)
0 1 15 1536 111 5 (D 0,1,1) (S 21,11,12) (S 23,12,13) (S 26,13,23) (D 0,1,1)
0 1 16 1550 448 6 (D 0,1,1) (S 45,23,31) (S 61,31,40) (S 62,32,40) (S 48,25,33) (D 0,1,1)
0 1 17 1511 370 6 (D 0,1,1) (S 34,18,25) (S 47,25,26) (S 52,27,36) (S 17,9,19) (D 0,1,1)
0 1 18 1509 269 6 (D 0,1,1) (S 36,19,26) (S 38,20,28) (S 28,15,16) (S 20,10,16) (D 0,1,1)
0 1 19 1532 499 7 (D 0,1,1) (S 19,10,15) (S 39,20,29) (S 43,22,30) (S 58,30,31) (S 5,3,4) (D 0,1,1)
0 1 20 1558 232 5 (D 0,1,1) (S 8,4,11) (S 24,12,22) (S 25,13,14) (D 0,1,1)
0 1 21 1420 462 7 (D 0,1,1) (S 27,14,24) (S 63,32,41) (S 76,39,50) (S 91,51,52) (S 60,31,32) (D 0,1,1)
0 1 22 1394 328 5 (D 0,1,1) (S 9,5,6) (S 12,6,13) (S 11,6,7) (D 0,1,1)
0 1 23 1552 406 6 (D 0,1,1) (S 13,7,14) (S 10,5,12) (S 7,4,5) (S 6,3,10) (D 0,1,1)
0 1 24 1527 307 5 (D 0,1,1) (S 15,8,18) (S 33,18,19) (S 1,1,2) (D 0,1,1)
0 1 25 1498 275 6 (D 0,1,1) (S 4,2,9) (S 16,9,10) (S 2,1,8) (S 14,8,9) (D 0,1,1)
0 1 26 253 80 3 (D 0,1,1) (S 3,2,3) (D 0,1,1)
