7494
27
210182100
198130000
0 1 1 129 166 8 (D 0,1,1) (S 1,8,8) (S 38,8,9) (S 2,9,9) (S 39,9,10) (S 40,10,11) (S 90,50,52) (D 0,1,1)
0 1 2 130 47 7 (D 0,1,1) (S 17,50,50) (S 20,54,54) (S 18,51,51) (S 19,53,53) (S 53,21,22) (D 0,1,1)
0 1 3 129 122 9 (D 0,1,1) (S 6,22,22) (S 7,24,24) (S 94,24,53) (S 16,48,48) (S 85,47,48) (S 91,51,53) (S 125,21,51) (D 0,1,1)
0 1 4 128 169 7 (D 0,1,1) (S 14,45,45) (S 13,44,44) (S 15,46,46) (S 82,45,46) (S 92,52,53) (D 0,1,1)
0 1 5 129 281 8 (D 0,1,1) (S 93,52,54) (S 29,76,76) (S 3,12,12) (S 5,16,16) (S 43,13,16) (S 55,22,24) (D 0,1,1)
0 1 6 127 216 7 (D 0,1,1) (S 56,24,25) (S 57,25,75) (S 65,23,31) (S 64,30,31) (S 67,32,33) (D 0,1,1)
0 1 7 129 181 7 (D 0,1,1) (S 70,33,36) (S 71,33,37) (S 72,37,38) (S 10,40,40) (S 74,39,40) (D 0,1,1)
0 1 8 130 127 7 (D 0,1,1) (S 11,41,41) (S 12,43,43) (S 21,56,56) (S 96,55,56) (S 22,57,57) (D 0,1,1)
0 1 9 128 114 5 (D 0,1,1) (S 99,57,58) (S 23,59,59) (S 111,59,69) (D 0,1,1)
0 1 10 130 261 6 (D 0,1,1) (S 24,62,62) (S 108,62,66) (S 27,68,68) (S 107,63,65) (D 0,1,1)
0 1 11 129 274 6 (D 0,1,1) (S 25,65,65) (S 109,66,68) (S 128,62,67) (S 106,63,64) (D 0,1,1)
0 1 12 130 596 7 (D 0,1,1) (S 105,62,63) (S 26,67,67) (S 103,60,61) (S 127,60,67) (S 116,72,73) (D 0,1,1)
0 1 13 126 172 6 (D 0,1,1) (S 117,73,74) (S 28,70,70) (S 113,70,71) (S 115,71,73) (D 0,1,1)
0 1 14 130 360 5 (D 0,1,1) (S 114,71,72) (S 118,18,72) (S 50,19,20) (D 0,1,1)
0 1 15 130 244 9 (D 0,1,1) (S 122,20,76) (S 124,76,77) (S 30,77,77) (S 4,13,13) (S 44,13,14) (S 45,14,15) (S 36,5,7) (D 0,1,1)
0 1 16 124 200 7 (D 0,1,1) (S 37,7,8) (S 86,11,48) (S 87,47,49) (S 88,49,50) (S 89,49,51) (D 0,1,1)
0 1 17 127 349 9 (D 0,1,1) (S 54,22,75) (S 63,25,29) (S 8,28,28) (S 62,28,29) (S 58,25,26) (S 60,26,27) (S 121,12,76) (D 0,1,1)
0 1 18 129 184 6 (D 0,1,1) (S 42,12,16) (S 48,15,18) (S 51,18,20) (S 49,18,19) (D 0,1,1)
0 1 19 129 259 6 (D 0,1,1) (S 95,19,50) (S 52,19,21) (S 84,46,47) (S 126,44,59) (D 0,1,1)
0 1 20 126 267 7 (D 0,1,1) (S 102,58,60) (S 104,60,62) (S 110,58,69) (S 100,58,59) (S 83,44,46) (D 0,1,1)
0 1 21 126 344 5 (D 0,1,1) (S 81,44,45) (S 80,43,44) (S 119,56,67) (D 0,1,1)
0 1 22 126 314 6 (D 0,1,1) (S 69,32,35) (S 75,35,39) (S 76,35,41) (S 78,41,42) (D 0,1,1)
0 1 23 129 347 6 (D 0,1,1) (S 79,42,43) (S 97,42,56) (S 98,42,57) (S 101,11,59) (D 0,1,1)
0 1 24 127 500 6 (D 0,1,1) (S 112,4,69) (S 41,11,12) (S 46,13,77) (S 35,5,6) (D 0,1,1)
0 1 25 128 537 7 (D 0,1,1) (S 34,4,5) (S 31,1,2) (S 32,2,3) (S 33,2,4) (S 77,40,41) (D 0,1,1)
0 1 26 124 379 7 (D 0,1,1) (S 73,37,39) (S 68,32,34) (S 9,34,34) (S 120,23,75) (S 59,23,26) (D 0,1,1)
0 1 27 115 484 6 (D 0,1,1) (S 61,26,28) (S 66,31,32) (S 47,15,17) (S 123,15,77) (D 0,1,1)
