512
7
16864300
2466900
0 1 1 35 25 5 (D 0,1,1) (S 1,2,2) (S 9,2,6) (S 21,6,12) (D 0,1,1)
0 1 2 35 107 7 (D 0,1,1) (S 2,7,7) (S 15,2,3) (S 18,1,4) (S 14,3,6) (S 16,1,5) (D 0,1,1)
0 1 3 35 64 5 (D 0,1,1) (S 3,9,9) (S 5,11,11) (S 10,5,10) (D 0,1,1)
0 1 4 35 115 6 (D 0,1,1) (S 4,10,10) (S 7,4,5) (S 17,8,12) (S 11,11,13) (D 0,1,1)
0 1 5 35 65 5 (D 0,1,1) (S 6,12,12) (S 22,6,10) (S 8,2,8) (D 0,1,1)
0 1 6 29 110 5 (D 0,1,1) (S 19,1,3) (S 13,4,11) (S 20,8,9) (D 0,1,1)
0 1 7 8 26 3 (D 0,1,1) (S 12,4,10) (D 0,1,1)
