16282
29
12264453900
12109598200
0 1 1 124 452 7 (D 0,1,1) (S 2,9,9) (S 39,9,10) (S 40,10,11) (S 3,12,12) (S 29,76,76) (D 0,1,1)
0 1 2 128 788 6 (D 0,1,1) (S 10,40,40) (S 69,32,35) (S 75,35,39) (S 73,37,39) (D 0,1,1)
0 1 3 105 564 6 (D 0,1,1) (S 11,41,41) (S 78,41,42) (S 97,42,56) (S 119,56,67) (D 0,1,1)
0 1 4 113 482 4 (D 0,1,1) (S 12,43,43) (S 80,43,44) (D 0,1,1)
0 1 5 126 468 5 (D 0,1,1) (S 22,57,57) (S 99,57,58) (S 110,58,69) (D 0,1,1)
0 1 6 104 461 5 (D 0,1,1) (S 24,62,62) (S 128,62,67) (S 26,67,67) (D 0,1,1)
0 1 7 104 326 6 (D 0,1,1) (S 31,1,2) (S 13,44,44) (S 126,44,59) (S 111,59,69) (D 0,1,1)
0 1 8 122 574 6 (D 0,1,1) (S 32,2,3) (S 108,62,66) (S 109,66,68) (S 27,68,68) (D 0,1,1)
0 1 9 121 400 5 (D 0,1,1) (S 33,2,4) (S 38,8,9) (S 101,11,59) (D 0,1,1)
0 1 10 125 258 6 (D 0,1,1) (S 34,4,5) (S 36,5,7) (S 37,7,8) (S 1,8,8) (D 0,1,1)
0 1 11 120 560 6 (D 0,1,1) (S 41,11,12) (S 124,76,77) (S 123,15,77) (S 5,16,16) (D 0,1,1)
0 1 12 121 546 7 (D 0,1,1) (S 42,12,16) (S 46,13,77) (S 30,77,77) (S 4,13,13) (S 43,13,16) (D 0,1,1)
0 1 13 129 674 8 (D 0,1,1) (S 44,13,14) (S 45,14,15) (S 47,15,17) (S 48,15,18) (S 51,18,20) (S 95,19,50) (D 0,1,1)
0 1 14 130 930 7 (D 0,1,1) (S 59,23,26) (S 64,30,31) (S 68,32,34) (S 9,34,34) (S 67,32,33) (D 0,1,1)
0 1 15 124 757 6 (D 0,1,1) (S 65,23,31) (S 66,31,32) (S 76,35,41) (S 79,42,43) (D 0,1,1)
0 1 16 124 822 7 (D 0,1,1) (S 72,37,38) (S 70,33,36) (S 71,33,37) (S 74,39,40) (S 77,40,41) (D 0,1,1)
0 1 17 103 363 6 (D 0,1,1) (S 81,44,45) (S 14,45,45) (S 82,45,46) (S 15,46,46) (D 0,1,1)
0 1 18 119 492 10 (D 0,1,1) (S 83,44,46) (S 88,49,50) (S 90,50,52) (S 92,52,53) (S 93,52,54) (S 20,54,54) (S 17,50,50) (S 85,47,48) (D 0,1,1)
0 1 19 109 542 7 (D 0,1,1) (S 84,46,47) (S 53,21,22) (S 6,22,22) (S 54,22,75) (S 18,51,51) (D 0,1,1)
0 1 20 129 485 4 (D 0,1,1) (S 86,11,48) (S 16,48,48) (D 0,1,1)
0 1 21 122 618 7 (D 0,1,1) (S 87,47,49) (S 50,19,20) (S 49,18,19) (S 52,19,21) (S 125,21,51) (D 0,1,1)
0 1 22 127 717 10 (D 0,1,1) (S 89,49,51) (S 55,22,24) (S 63,25,29) (S 8,28,28) (S 60,26,27) (S 61,26,28) (S 62,28,29) (S 57,25,75) (D 0,1,1)
0 1 23 128 613 9 (D 0,1,1) (S 91,51,53) (S 56,24,25) (S 58,25,26) (S 120,23,75) (S 7,24,24) (S 94,24,53) (S 19,53,53) (D 0,1,1)
0 1 24 130 540 7 (D 0,1,1) (S 102,58,60) (S 127,60,67) (S 96,55,56) (S 21,56,56) (S 98,42,57) (D 0,1,1)
0 1 25 103 460 5 (D 0,1,1) (S 103,60,61) (S 100,58,59) (S 23,59,59) (D 0,1,1)
0 1 26 127 544 7 (D 0,1,1) (S 104,60,62) (S 105,62,63) (S 107,63,65) (S 25,65,65) (S 106,63,64) (D 0,1,1)
0 1 27 75 248 3 (D 0,1,1) (S 112,4,69) (D 0,1,1)
0 1 28 127 764 6 (D 0,1,1) (S 118,18,72) (S 116,72,73) (S 115,71,73) (S 117,73,74) (D 0,1,1)
0 1 29 125 834 8 (D 0,1,1) (S 121,12,76) (S 28,70,70) (S 113,70,71) (S 114,71,72) (S 122,20,76) (S 35,5,6) (D 0,1,1)
