274
9
6538100
6283900
0 1 1 45 39 10 (D 0,1,1) (S 1,2,2) (S 27,2,4) (S 3,4,4) (S 4,5,5) (S 23,5,11) (S 7,11,11) (S 36,11,1) (S 29,13,17) (D 0,1,1)
0 1 2 45 11 8 (D 0,1,1) (S 11,17,17) (S 10,16,16) (S 13,20,20) (S 2,3,3) (S 22,3,10) (S 33,10,2) (D 0,1,1)
0 1 3 45 31 5 (D 0,1,1) (S 19,3,4) (S 5,6,6) (S 15,7,8) (D 0,1,1)
0 1 4 44 29 6 (D 0,1,1) (S 25,6,11) (S 43,1,19) (S 8,12,12) (S 32,12,17) (D 0,1,1)
0 1 5 44 35 11 (D 0,1,1) (S 38,17,16) (S 37,16,17) (S 9,15,15) (S 6,9,9) (S 12,18,18) (S 20,14,18) (S 24,13,14) (S 44,14,8) (S 46,17,18) (D 0,1,1)
0 1 6 44 33 7 (D 0,1,1) (S 41,17,12) (S 26,19,20) (S 30,19,22) (S 18,22,23) (S 16,23,24) (D 0,1,1)
0 1 7 44 41 8 (D 0,1,1) (S 14,24,24) (S 34,7,6) (S 35,6,5) (S 45,5,6) (S 17,7,13) (S 31,15,21) (D 0,1,1)
0 1 8 41 45 8 (D 0,1,1) (S 21,21,23) (S 39,9,19) (S 47,19,9) (S 42,8,14) (S 40,21,15) (S 48,20,15) (D 0,1,1)
0 1 9 6 10 3 (D 0,1,1) (S 28,21,24) (D 0,1,1)
