56236
77
6519866500
5571147800
0 1 1 89 554 9 (D 0,1,1) (S 181,1,116) (S 369,115,114) (S 368,114,113) (S 178,113,114) (S 366,113,112) (S 176,112,113) (S 155,97,98) (D 0,1,1)
0 1 2 119 259 7 (D 0,1,1) (S 185,117,118) (S 190,118,121) (S 27,122,122) (S 20,86,86) (S 180,115,116) (D 0,1,1)
0 1 3 107 208 4 (D 0,1,1) (S 188,114,118) (S 375,118,117) (D 0,1,1)
0 1 4 117 289 8 (D 0,1,1) (S 182,116,117) (S 372,117,116) (S 186,117,119) (S 196,120,123) (S 383,122,87) (S 382,122,121) (D 0,1,1)
0 1 5 119 477 6 (D 0,1,1) (S 18,81,81) (S 320,81,79) (S 318,79,78) (S 275,46,43) (D 0,1,1)
0 1 6 120 391 7 (D 0,1,1) (S 183,115,117) (S 378,118,114) (S 358,107,106) (S 356,105,104) (S 362,110,107) (D 0,1,1)
0 1 7 120 615 7 (D 0,1,1) (S 367,113,103) (S 345,98,97) (S 353,103,102) (S 165,102,104) (S 172,107,110) (D 0,1,1)
0 1 8 118 409 8 (D 0,1,1) (S 370,116,115) (S 373,117,115) (S 374,117,2) (S 184,2,117) (S 376,119,117) (S 197,123,125) (D 0,1,1)
0 1 9 120 544 7 (D 0,1,1) (S 179,114,115) (S 334,90,68) (S 302,68,67) (S 113,67,69) (S 160,94,101) (D 0,1,1)
0 1 10 120 588 7 (D 0,1,1) (S 388,124,4) (S 385,124,123) (S 384,123,122) (S 139,86,87) (S 214,136,138) (D 0,1,1)
0 1 11 120 650 5 (D 0,1,1) (S 361,109,108) (S 175,107,112) (S 350,101,94) (D 0,1,1)
0 1 12 119 442 4 (D 0,1,1) (S 171,108,109) (S 26,112,112) (D 0,1,1)
0 1 13 120 396 9 (D 0,1,1) (S 379,118,91) (S 333,91,90) (S 143,90,91) (S 164,91,103) (S 22,90,90) (S 332,90,88) (S 146,89,92) (D 0,1,1)
0 1 14 120 623 5 (D 0,1,1) (S 177,103,113) (S 335,91,66) (S 120,73,74) (D 0,1,1)
0 1 15 120 705 7 (D 0,1,1) (S 145,66,91) (S 189,91,118) (S 192,121,122) (S 329,87,86) (S 273,47,42) (D 0,1,1)
0 1 16 117 682 5 (D 0,1,1) (S 266,47,41) (S 264,41,40) (S 72,38,39) (D 0,1,1)
0 1 17 117 528 5 (D 0,1,1) (S 198,4,124) (S 205,126,130) (S 200,126,127) (D 0,1,1)
0 1 18 120 465 5 (D 0,1,1) (S 144,68,90) (S 330,88,86) (S 328,86,85) (D 0,1,1)
0 1 19 120 688 5 (D 0,1,1) (S 76,41,47) (S 126,46,77) (S 85,43,46) (D 0,1,1)
0 1 20 120 602 7 (D 0,1,1) (S 14,46,46) (S 80,43,44) (S 81,44,45) (S 101,45,60) (S 82,34,45) (D 0,1,1)
0 1 21 118 438 8 (D 0,1,1) (S 170,106,108) (S 169,107,108) (S 168,106,107) (S 173,110,111) (S 365,112,107) (S 363,111,110) (D 0,1,1)
0 1 22 120 563 9 (D 0,1,1) (S 360,108,106) (S 23,104,104) (S 166,104,105) (S 355,104,102) (S 352,102,101) (S 162,101,102) (S 153,95,96) (D 0,1,1)
0 1 23 120 446 7 (D 0,1,1) (S 386,123,120) (S 377,120,119) (S 21,87,87) (S 19,85,85) (S 322,82,80) (D 0,1,1)
0 1 24 120 452 8 (D 0,1,1) (S 195,123,124) (S 199,124,126) (S 206,126,131) (S 396,131,126) (S 28,133,133) (S 404,138,136) (D 0,1,1)
0 1 25 119 559 7 (D 0,1,1) (S 215,131,138) (S 30,136,136) (S 213,136,137) (S 406,138,125) (S 398,133,132) (D 0,1,1)
0 1 26 120 742 9 (D 0,1,1) (S 405,138,131) (S 210,133,135) (S 29,135,135) (S 400,135,133) (S 208,132,133) (S 397,132,131) (S 274,47,46) (D 0,1,1)
0 1 27 119 562 6 (D 0,1,1) (S 163,102,103) (S 351,101,66) (S 300,66,62) (S 16,63,63) (D 0,1,1)
0 1 28 119 466 8 (D 0,1,1) (S 140,86,88) (S 142,88,90) (S 338,92,84) (S 326,84,83) (S 324,83,81) (S 131,80,81) (D 0,1,1)
0 1 29 117 453 9 (D 0,1,1) (S 187,119,120) (S 380,121,118) (S 194,122,123) (S 381,121,120) (S 191,120,121) (S 148,84,92) (S 336,92,89) (D 0,1,1)
0 1 30 117 522 8 (D 0,1,1) (S 354,103,91) (S 337,92,82) (S 147,82,92) (S 141,88,89) (S 331,89,88) (S 133,82,83) (D 0,1,1)
0 1 31 119 654 6 (D 0,1,1) (S 152,94,95) (S 342,95,94) (S 341,94,93) (S 286,56,55) (D 0,1,1)
0 1 32 118 570 6 (D 0,1,1) (S 387,125,123) (S 392,128,3) (S 203,128,129) (S 201,127,128) (D 0,1,1)
0 1 33 119 595 5 (D 0,1,1) (S 313,76,75) (S 122,71,75) (S 312,75,71) (D 0,1,1)
0 1 34 120 555 9 (D 0,1,1) (S 359,108,107) (S 357,106,105) (S 24,105,105) (S 348,100,99) (S 346,99,96) (S 156,96,99) (S 343,96,95) (D 0,1,1)
0 1 35 117 702 8 (D 0,1,1) (S 257,35,34) (S 271,45,44) (S 270,44,43) (S 268,43,42) (S 83,42,47) (S 68,35,36) (D 0,1,1)
0 1 36 120 614 6 (D 0,1,1) (S 287,57,56) (S 97,56,57) (S 105,57,62) (S 304,70,69) (D 0,1,1)
0 1 37 119 586 8 (D 0,1,1) (S 402,136,134) (S 211,134,135) (S 212,134,136) (S 399,134,133) (S 209,133,134) (S 393,129,128) (D 0,1,1)
0 1 38 120 598 8 (D 0,1,1) (S 123,75,76) (S 314,76,74) (S 309,74,72) (S 118,72,73) (S 307,72,71) (S 303,69,67) (D 0,1,1)
0 1 39 120 561 9 (D 0,1,1) (S 395,130,126) (S 389,126,124) (S 204,127,129) (S 391,128,127) (S 390,127,126) (S 394,129,127) (S 193,87,122) (D 0,1,1)
0 1 40 117 623 7 (D 0,1,1) (S 67,34,35) (S 13,36,36) (S 258,36,35) (S 69,35,37) (S 79,37,43) (D 0,1,1)
0 1 41 120 658 7 (D 0,1,1) (S 99,58,59) (S 103,59,61) (S 292,61,60) (S 272,45,34) (S 315,77,76) (D 0,1,1)
0 1 42 118 710 6 (D 0,1,1) (S 66,34,139) (S 256,139,34) (S 291,60,45) (S 78,42,43) (D 0,1,1)
0 1 43 120 592 9 (D 0,1,1) (S 111,66,67) (S 17,69,69) (S 116,69,71) (S 305,71,70) (S 115,70,71) (S 301,67,66) (S 98,57,58) (D 0,1,1)
0 1 44 120 733 7 (D 0,1,1) (S 347,99,97) (S 158,99,100) (S 349,100,94) (S 339,93,64) (S 310,74,73) (D 0,1,1)
0 1 45 119 909 8 (D 0,1,1) (S 202,3,128) (S 403,137,136) (S 401,135,134) (S 216,125,138) (S 207,131,132) (S 137,84,85) (D 0,1,1)
0 1 46 117 867 7 (D 0,1,1) (S 87,48,139) (S 254,33,29) (S 249,29,28) (S 59,28,29) (S 248,28,27) (D 0,1,1)
0 1 47 118 926 8 (D 0,1,1) (S 110,62,66) (S 159,94,100) (S 161,66,101) (S 151,93,94) (S 167,105,106) (S 96,55,56) (D 0,1,1)
0 1 48 116 625 7 (D 0,1,1) (S 311,73,44) (S 121,44,73) (S 119,72,74) (S 308,73,72) (S 410,70,58) (D 0,1,1)
0 1 49 120 665 10 (D 0,1,1) (S 174,110,112) (S 149,64,93) (S 340,93,63) (S 296,63,62) (S 295,62,57) (S 288,58,57) (S 106,62,63) (S 306,71,69) (D 0,1,1)
0 1 50 117 685 8 (D 0,1,1) (S 289,59,58) (S 124,74,76) (S 125,76,77) (S 316,77,46) (S 84,46,47) (S 267,42,37) (D 0,1,1)
0 1 51 119 844 7 (D 0,1,1) (S 157,97,99) (S 344,97,96) (S 154,96,97) (S 299,65,56) (S 218,54,140) (D 0,1,1)
0 1 52 120 1090 8 (D 0,1,1) (S 277,139,48) (S 90,50,51) (S 92,52,53) (S 281,52,51) (S 282,53,52) (S 60,28,30) (D 0,1,1)
0 1 53 120 987 6 (D 0,1,1) (S 219,11,27) (S 8,25,25) (S 54,24,25) (S 45,17,18) (D 0,1,1)
0 1 54 118 1042 5 (D 0,1,1) (S 49,20,21) (S 6,21,21) (S 245,26,25) (D 0,1,1)
0 1 55 120 798 11 (D 0,1,1) (S 138,85,86) (S 135,82,84) (S 325,84,82) (S 323,83,82) (S 319,80,79) (S 130,79,81) (S 134,81,83) (S 132,80,82) (S 75,38,41) (D 0,1,1)
0 1 56 119 1000 7 (D 0,1,1) (S 64,29,33) (S 3,11,11) (S 65,11,33) (S 276,139,33) (S 58,27,28) (D 0,1,1)
0 1 57 119 1092 5 (D 0,1,1) (S 243,24,23) (S 241,23,21) (S 235,18,17) (D 0,1,1)
0 1 58 119 778 8 (D 0,1,1) (S 102,60,61) (S 293,61,59) (S 100,59,60) (S 15,59,59) (S 294,61,49) (S 89,48,50) (D 0,1,1)
0 1 59 120 1058 5 (D 0,1,1) (S 239,21,20) (S 7,22,22) (S 4,14,14) (D 0,1,1)
0 1 60 120 1039 6 (D 0,1,1) (S 53,23,24) (S 9,27,27) (S 11,30,30) (S 247,27,25) (D 0,1,1)
0 1 61 118 993 6 (D 0,1,1) (S 409,27,11) (S 37,11,12) (S 227,12,11) (S 39,13,14) (D 0,1,1)
0 1 62 116 992 8 (D 0,1,1) (S 36,8,11) (S 5,16,16) (S 234,16,13) (S 43,13,17) (S 232,17,15) (S 231,16,15) (D 0,1,1)
0 1 63 120 738 10 (D 0,1,1) (S 136,83,84) (S 321,81,80) (S 128,78,79) (S 317,78,77) (S 127,77,78) (S 269,43,37) (S 12,35,35) (S 220,58,70) (D 0,1,1)
0 1 64 120 1087 6 (D 0,1,1) (S 51,21,23) (S 251,31,30) (S 57,25,27) (S 250,30,28) (D 0,1,1)
0 1 65 118 793 10 (D 0,1,1) (S 150,63,93) (S 107,63,64) (S 298,65,64) (S 297,64,63) (S 108,64,65) (S 284,140,49) (S 104,49,61) (S 279,50,48) (D 0,1,1)
0 1 66 117 1170 7 (D 0,1,1) (S 55,25,26) (S 62,26,31) (S 61,30,31) (S 244,25,24) (S 46,18,19) (D 0,1,1)
0 1 67 120 754 9 (D 0,1,1) (S 109,56,65) (S 408,140,54) (S 95,54,55) (S 217,55,140) (S 283,140,53) (S 407,140,55) (S 285,55,54) (D 0,1,1)
0 1 68 119 983 7 (D 0,1,1) (S 226,11,8) (S 1,6,6) (S 221,6,5) (S 31,5,6) (S 41,15,16) (D 0,1,1)
0 1 69 120 951 9 (D 0,1,1) (S 280,51,50) (S 94,49,140) (S 278,49,48) (S 88,48,49) (S 255,33,11) (S 86,33,139) (S 117,71,72) (D 0,1,1)
0 1 70 117 990 7 (D 0,1,1) (S 34,8,9) (S 35,9,10) (S 225,10,9) (S 47,10,19) (S 237,19,10) (D 0,1,1)
0 1 71 115 993 8 (D 0,1,1) (S 48,12,20) (S 238,20,12) (S 44,13,16) (S 2,10,10) (S 230,15,10) (S 236,19,18) (D 0,1,1)
0 1 72 118 678 8 (D 0,1,1) (S 71,36,38) (S 73,39,40) (S 263,40,39) (S 74,40,41) (S 261,38,36) (S 70,36,37) (D 0,1,1)
0 1 73 119 1177 8 (D 0,1,1) (S 224,9,8) (S 223,8,6) (S 33,6,8) (S 32,6,7) (S 52,20,24) (S 114,69,70) (D 0,1,1)
0 1 74 120 1110 7 (D 0,1,1) (S 93,53,140) (S 63,30,32) (S 253,32,30) (S 246,26,23) (S 56,23,26) (D 0,1,1)
0 1 75 119 1212 9 (D 0,1,1) (S 242,24,20) (S 50,20,22) (S 229,14,13) (S 38,12,13) (S 228,13,12) (S 42,15,17) (S 222,7,6) (D 0,1,1)
0 1 76 118 1769 11 (D 0,1,1) (S 25,109,109) (S 290,60,59) (S 259,37,35) (S 265,41,38) (S 262,39,38) (S 129,79,80) (S 77,37,42) (S 112,67,68) (S 40,10,15) (D 0,1,1)
0 1 77 112 1372 11 (D 0,1,1) (S 364,112,110) (S 91,51,52) (S 252,31,26) (S 240,22,20) (S 10,28,28) (S 233,17,13) (S 260,37,36) (S 327,85,84) (S 371,116,1) (D 0,1,1)
