450
10
14102800
13730300
0 1 1 27 24 8 (D 0,1,1) (S 1,2,2) (S 4,12,12) (S 15,1,19) (S 28,1,27) (S 11,23,23) (S 13,25,25) (D 0,1,1)
0 1 2 27 39 6 (D 0,1,1) (S 33,22,23) (S 12,24,24) (S 21,23,24) (S 35,21,22) (D 0,1,1)
0 1 3 27 39 6 (D 0,1,1) (S 9,18,18) (S 10,21,21) (S 36,21,23) (S 5,13,13) (D 0,1,1)
0 1 4 27 30 5 (D 0,1,1) (S 7,15,15) (S 16,20,21) (S 32,13,15) (D 0,1,1)
0 1 5 27 30 4 (D 0,1,1) (S 6,14,14) (S 25,26,27) (D 0,1,1)
0 1 6 27 40 6 (D 0,1,1) (S 22,1,17) (S 31,1,3) (S 17,3,8) (S 20,3,6) (D 0,1,1)
0 1 7 27 40 8 (D 0,1,1) (S 3,6,6) (S 19,6,10) (S 2,4,4) (S 40,4,5) (S 30,5,9) (S 23,15,20) (D 0,1,1)
0 1 8 27 59 6 (D 0,1,1) (S 39,22,25) (S 29,5,6) (S 24,6,9) (S 38,10,11) (D 0,1,1)
0 1 9 26 87 7 (D 0,1,1) (S 34,4,6) (S 14,7,11) (S 37,6,8) (S 26,8,9) (S 8,16,16) (D 0,1,1)
0 1 10 7 62 4 (D 0,1,1) (S 18,14,16) (S 27,3,4) (D 0,1,1)
