195
8
15473300
2319000
0 1 1 27 5 6 (D 0,1,1) (S 1,2,2) (S 4,5,5) (S 22,5,8) (S 6,7,7) (D 0,1,1)
0 1 2 27 4 5 (D 0,1,1) (S 2,3,3) (S 23,3,10) (S 25,1,8) (D 0,1,1)
0 1 3 27 8 7 (D 0,1,1) (S 3,4,4) (S 19,4,9) (S 24,1,3) (S 29,1,7) (S 7,2,7) (D 0,1,1)
0 1 4 27 17 7 (D 0,1,1) (S 5,6,6) (S 31,1,10) (S 20,7,11) (S 30,2,8) (S 34,1,5) (D 0,1,1)
0 1 5 27 27 7 (D 0,1,1) (S 8,1,4) (S 18,4,6) (S 13,6,8) (S 26,1,11) (S 11,2,3) (D 0,1,1)
0 1 6 27 38 7 (D 0,1,1) (S 14,5,7) (S 17,3,11) (S 9,9,10) (S 37,1,9) (S 36,2,11) (D 0,1,1)
0 1 7 27 43 7 (D 0,1,1) (S 38,4,7) (S 28,5,11) (S 10,1,2) (S 12,4,8) (S 15,4,10) (D 0,1,1)
0 1 8 16 53 8 (D 0,1,1) (S 33,9,11) (S 27,7,9) (S 35,2,9) (S 16,8,9) (S 21,3,4) (S 32,6,9) (D 0,1,1)
